5
0.009769
0.000000
-0.002138
0.000000
0.000000
0.010000
0.000000
0.000000
0.002138
0.000000
0.009769
0.000000
-1.185157
0.000000
-2.354728
1.000000
5
-0.010000
0.000000
-0.000000
0.000000
0.000000
0.010000
0.000000
0.000000
0.000000
0.000000
-0.010000
0.000000
-2.901727
0.000000
1.062134
1.000000
5
-0.010000
0.000000
-0.000000
0.000000
0.000000
0.010000
0.000000
0.000000
0.000000
0.000000
-0.010000
0.000000
-3.191233
0.000000
-1.972744
1.000000
5
-0.010000
0.000000
-0.000000
0.000000
0.000000
0.010000
0.000000
0.000000
0.000000
0.000000
-0.010000
0.000000
-3.365921
-0.000000
-5.267207
1.000000
5
-0.010000
0.000000
-0.000000
0.000000
0.000000
0.010000
0.000000
0.000000
0.000000
0.000000
-0.010000
0.000000
3.480659
-0.000000
0.655145
1.000000
5
-0.010000
0.000000
-0.000000
0.000000
0.000000
0.010000
0.000000
0.000000
0.000000
0.000000
-0.010000
0.000000
1.633513
0.000000
-7.257513
1.000000
5
-0.010000
0.000000
-0.000000
0.000000
0.000000
0.010000
0.000000
0.000000
0.000000
0.000000
-0.010000
0.000000
2.735931
0.000000
-2.884442
1.000000
5
-0.010000
0.000000
-0.000000
0.000000
0.000000
0.010000
0.000000
0.000000
0.000000
0.000000
-0.010000
0.000000
4.671705
0.000000
-7.573162
1.000000
