5
-0.010000
0.000000
-0.000000
0.000000
0.000000
0.010000
0.000000
0.000000
0.000000
0.000000
-0.010000
0.000000
-1.073034
0.000000
1.471980
1.000000
5
-0.010000
0.000000
-0.000000
0.000000
0.000000
0.010000
0.000000
0.000000
0.000000
0.000000
-0.010000
0.000000
5.103661
0.000000
0.345511
1.000000
5
-0.010000
0.000000
-0.000000
0.000000
0.000000
0.010000
0.000000
0.000000
0.000000
0.000000
-0.010000
0.000000
13.807225
0.000000
0.389033
1.000000
5
-0.010000
0.000000
-0.000000
0.000000
0.000000
0.010000
0.000000
0.000000
0.000000
0.000000
-0.010000
0.000000
14.295815
0.000000
-0.064414
1.000000
5
-0.010000
0.000000
-0.000000
0.000000
0.000000
0.010000
0.000000
0.000000
0.000000
0.000000
-0.010000
0.000000
1.003606
0.000000
1.338470
1.000000
5
-0.010000
0.000000
-0.000000
0.000000
0.000000
0.010000
0.000000
0.000000
0.000000
0.000000
-0.010000
0.000000
-1.093863
0.000000
-10.474178
1.000000
