5
-0.004875
0.000000
-0.008731
0.000000
0.000000
0.010000
0.000000
0.000000
0.008731
0.000000
-0.004875
0.000000
-1.185157
0.000000
-2.354728
1.000000
5
-0.004875
0.000000
0.008731
0.000000
0.000000
0.010000
0.000000
0.000000
-0.008731
0.000000
-0.004875
0.000000
8.668259
0.000000
-1.773089
1.000000
5
-0.009851
0.000000
-0.001719
0.000000
0.000000
0.010000
0.000000
0.000000
0.001719
0.000000
-0.009851
0.000000
2.538226
0.000000
-0.519715
1.000000
5
-0.004875
0.000000
-0.008731
0.000000
0.000000
0.010000
0.000000
0.000000
0.008731
0.000000
-0.004875
0.000000
2.697865
0.000000
-3.590520
1.000000
5
-0.004875
0.000000
0.008731
0.000000
0.000000
0.010000
0.000000
0.000000
-0.008731
0.000000
-0.004875
0.000000
8.670644
0.000000
-4.280742
1.000000
5
-0.010000
0.000000
-0.000000
0.000000
0.000000
0.010000
0.000000
0.000000
0.000000
0.000000
-0.010000
0.000000
8.955797
0.000000
-9.416059
1.000000
