5
1.000000
0.000000
0.000000
0.000000
0.000000
1.000000
0.000000
0.000000
0.000000
0.000000
1.000000
0.000000
0.000000
0.000000
-0.058817
1.000000
4
0.000000
0.000000
-0.999999
0.000000
0.000000
1.000000
0.000000
0.000000
0.999999
0.000000
0.000000
0.000000
4.836642
0.000000
-0.008571
1.000000
2
0.500000
0.000000
0.866025
0.000000
0.000000
1.000000
0.000000
0.000000
-0.866025
0.000000
0.500000
0.000000
5.814186
0.000000
-1.088487
1.000000
2
-0.173648
0.000000
0.984808
0.000000
0.000000
1.000000
0.000000
0.000000
-0.984808
0.000000
-0.173648
0.000000
5.696569
0.000000
1.001633
1.000000
